0.67 
-0.67 
-0.40 
-0.67 
0.58 
-0.78 
-1.06 
0.55 
-0.42 
0.36 
-0.35 
0.27 
-2.56 
0.47 
1.85 
1.04 
0.91 
-0.24 
0.18 
0.24 
0.10 
-0.83 
-0.35 
-0.17 
-0.48 
0.84 
2.54 
-1.32 
0.13 
-1.44 
1.30 
1.41 
-1.66 
1.94 
-1.08 
0.23 
1.10 
0.15 
2.30 
2.75 
0.14 
-1.91 
-0.36 
-0.85 
-0.76 
-1.13 
0.08 
2.11 
-0.72 
-0.28 
1.17 
1.21 
0.49 
1.03 
0.87 
-0.38 
0.43 
-0.30 
-0.90 
0.63 
0.07 
-0.19 
0.29 
0.99 
0.39 
0.19 
0.28 
0.05 
-0.77 
0.79 
1.41 
-0.53 
1.93 
-0.18 
-0.24 
-0.90 
-0.79 
-0.95 
0.35 
1.60 
0.53 
0.85 
1.34 
-2.50 
-0.17 
0.35 
0.72 
-1.30 
-1.01 
0.79 
-0.12 
0.55 
-0.96 
-1.63 
0.76 
1.19 
1.63 
-1.53 
-1.34 
-1.47 
-0.04 
-0.62 
1.31 
-1.46 
-1.74 
0.21 
1.19 
-0.80 
-1.27 
-0.15 
-1.64 
0.02 
0.83 
0.22 
-1.91 
-0.54 
-0.30 
1.81 
0.91 
-0.06 
1.31 
-1.04 
-0.35 
1.41 
1.50 
0.73 
0.49 
-0.59 
0.74 
-0.83 
0.57 
0.28 
1.14 
-0.43 
0.64 
0.79 
-0.90 
0.16 
1.60 
0.11 
-0.31 
0.46 
-0.28 
0.44 
-0.13 
-0.02 
0.46 
1.36 
0.45 
1.65 
-2.03 
-0.45 
0.24 
-0.84 
-1.28 
0.62 
0.61 
0.29 
0.40 
-0.87 
-0.50 
-0.11 
-0.69 
0.33 
2.37 
-0.48 
0.65 
-1.03 
1.34 
-0.97 
0.21 
-0.62 
0.51 
0.01 
-0.04 
2.95 
-0.63 
-0.05 
2.68 
-1.15 
0.55 
-1.08 
1.03 
0.33 
0.65 
-0.28 
0.25 
1.47 
-2.28 
-1.63 
0.42 
-0.65 
-0.30 
-1.50 
-0.90 
-0.40 
-0.73 
-0.87 
-0.42 
-0.94 
1.34 
-0.99 
1.82 
-0.37 
-1.45 
-0.62 
0.93 
1.06 
0.16 
0.29 
0.63 
-1.46 
-0.58 
-1.83 
-0.45 
0.95 
0.72 
2.29 
0.17 
-2.16 
1.69 
1.28 
-0.58 
0.22 
0.78 
0.38 
0.70 
-0.11 
-0.04 
0.09 
-0.79 
1.42 
0.01 
0.69 
-0.85 
-1.08 
-0.09 
-0.25 
1.19 
0.61 
0.54 
-1.44 
-0.97 
0.20 
-0.35 
1.29 
1.34 
-0.58 
0.88 
1.40 
0.32 
1.62 
1.06 
0.21 
0.88 
0.19 
-0.41 
0.36 
0.04 
-0.36 
1.77 
0.22 
2.73 
-0.30 
0.56 
1.58 
2.73 
0.30 
-0.79 
0.80 
-1.32 
-0.27 
0.27 
1.49 
1.44 
-0.03 
0.92 
-0.32 
0.66 
1.92 
0.16 
-0.30 
-0.50 
0.72 
1.34 
2.13 
0.05 
0.16 
-0.63 
1.61 
-0.08 
-0.47 
2.18 
0.81 
0.72 
-1.01 
0.43 
0.52 
-1.09 
-0.23 
-0.40 
0.53 
-1.01 
1.09 
1.78 
-0.30 
-0.01 
0.51 
1.20 
0.52 
0.40 
-0.48 
-0.23 
0.61 
1.68 
0.57 
-1.21 
0.43 
-0.09 
-0.24 
-0.22 
-0.88 
-0.32 
-0.78 
-0.36 
0.12 
0.17 
-0.22 
-0.15 
0.03 
0.46 
1.28 
0.62 
-0.29 
0.60 
-0.25 
-1.78 
-2.35 
-1.71 
-0.24 
-0.62 
-0.72 
0.04 
-0.66 
-0.63 
0.61 
0.78 
2.44 
0.30 
0.06 
-0.57 
-0.20 
-0.05 
-1.76 
-0.26 
0.75 
-0.57 
0.49 
0.99 
1.08 
0.78 
-2.26 
-0.56 
0.90 
0.39 
0.00 
0.44 
1.13 
0.15 
-0.76 
-0.18 
-0.21 
0.90 
0.41 
0.55 
0.15 
-0.36 
0.06 
0.22 
-1.40 
0.18 
0.93 
-0.11 
1.57 
0.56 
-0.42 
-0.15 
-0.28 
0.24 
0.75 
-0.29 
0.46 
1.76 
0.93 
0.83 
-0.81 
-0.53 
0.24 
-0.10 
-1.63 
-1.51 
1.03 
-0.76 
2.08 
-2.22 
0.45 
0.00 
-0.76 
0.40 
-0.79 
0.86 
0.07 
-1.64 
-2.42 
-0.28 
1.15 
0.18 
0.05 
0.69 
-1.39 
1.43 
-0.89 
0.04 
-0.36 
0.15 
-1.94 
1.52 
0.55 
2.01 
1.42 
0.01 
-0.94 
-1.74 
0.02 
0.22 
1.05 
-0.95 
0.79 
0.07 
-0.77 
0.77 
0.27 
-0.24 
1.88 
0.61 
-0.11 
0.28 
0.09 
0.17 
0.45 
-0.60 
-0.80 
0.36 
1.89 
-0.31 
-1.01 
-0.24 
-0.48 
-0.33 
0.48 
-0.13 
-0.59 
-0.44 
-1.32 
-0.86 
-1.41 
-0.52 
-1.09 
-0.71 
-0.30 
-1.20 
-0.02 
0.34 
-0.96 
1.11 
-1.59 
-0.39 
-1.48 
-0.34 
-1.32 
-0.57 
-0.74 
-1.19 
-2.06 
0.57 
2.00 
2.22 
-0.49 
-0.05 
-0.47 
0.08 
-0.92 
-1.92 
-0.04 
-1.23 
-1.90 
2.37 
-0.23 
0.40 
1.19 
-1.68 
0.41 
0.50 
0.08 
0.16 
-0.53 
0.72 
-0.85 
-0.80 
0.73 
1.69 
-0.39 
-0.51 
0.41 
1.07 
0.97 
0.27 
-0.63 
0.63 
-0.08 
1.38 
-1.41 
0.14 
1.29 
-0.49 
-0.62 
-0.93 
-0.28 
-0.20 
0.14 
-0.88 
0.08 
-0.60 
-0.37 
-0.84 
-0.28 
3.57 
3.41 
1.15 
0.79 
-1.28 
-0.58 
-0.62 
0.54 
0.48 
0.11 
-0.34 
-0.93 
0.01 
1.14 
0.43 
0.18 
0.66 
0.58 
-1.62 
0.02 
-0.43 
-2.03 
-1.33 
-0.32 
0.83 
-0.23 
0.26 
-0.90 
-2.16 
0.09 
-0.95 
1.17 
1.74 
-0.37 
1.19 
0.95 
-1.42 
-0.03 
0.26 
0.52 
0.68 
0.67 
0.68 
-0.31 
0.38 
-2.25 
-1.17 
1.20 
-0.66 
0.33 
1.51 
-0.89 
-0.96 
-0.49 
0.44 
-0.20 
-0.98 
-1.57 
-0.37 
-0.22 
-0.54 
-0.26 
-1.10 
0.55 
-2.17 
0.14 
0.67 
-0.85 
-0.06 
0.29 
-0.61 
-0.01 
0.41 
-0.94 
0.84 
1.09 
0.32 
0.02 
-1.16 
0.49 
-1.22 
1.59 
0.53 
0.26 
-0.39 
-2.18 
-1.20 
0.37 
2.41 
0.74 
0.31 
-0.54 
0.12 
0.96 
-0.25 
1.89 
-1.22 
-0.38 
0.05 
-1.95 
0.57 
0.08 
0.08 
0.79 
1.04 
0.80 
-0.47 
-0.05 
0.35 
-1.26 
-1.04 
-0.43 
0.08 
1.79 
0.80 
-0.44 
-0.63 
1.53 
2.73 
0.17 
-0.48 
-1.41 
0.97 
0.29 
1.17 
-0.91 
0.24 
-0.65 
1.27 
-0.55 
-0.09 
-0.35 
0.99 
0.43 
-1.00 
-0.63 
-1.05 
0.51 
0.33 
-1.64 
-1.91 
-0.04 
0.70 
0.17 
-1.54 
-1.55 
0.87 
-0.15 
-0.39 
1.32 
-0.80 
0.14 
0.42 
0.82 
-0.85 
0.36 
2.75 
-1.51 
0.43 
-0.23 
-0.83 
-0.83 
0.50 
2.32 
-0.79 
0.54 
-0.56 
1.98 
0.54 
-0.14 
0.62 
-0.01 
1.11 
-0.19 
-1.12 
0.25 
1.56 
-1.20 
-0.24 
1.00 
-1.92 
0.63 
0.75 
0.21 
-0.77 
-0.01 
0.09 
0.94 
0.66 
-0.35 
1.62 
-0.05 
-0.81 
-0.44 
0.86 
0.20 
0.89 
0.07 
2.49 
-1.67 
-0.42 
-0.08 
0.09 
1.46 
0.22 
-0.11 
0.07 
0.75 
-0.69 
0.45 
-1.57 
-0.08 
-0.94 
-0.65 
0.28 
-1.13 
-0.99 
-1.52 
-2.23 
-0.15 
1.16 
-0.18 
-0.23 
-1.05 
1.58 
-0.25 
1.29 
0.36 
-0.26 
1.08 
0.98 
-0.11 
1.30 
1.78 
-0.07 
-0.26 
0.40 
0.35 
0.81 
-0.26 
0.72 
1.05 
0.18 
0.15 
-1.25 
-1.17 
-1.46 
-1.24 
-0.16 
-1.61 
2.25 
0.74 
-2.07 
-1.15 
-0.11 
-1.71 
-0.46 
1.09 
-0.16 
-0.07 
-1.00 
-0.56 
-1.35 
0.36 
-0.45 
0.78 
1.24 
1.08 
-0.03 
-0.50 
-1.22 
0.12 
0.96 
-0.34 
-0.17 
0.62 
0.86 
-1.42 
0.20 
0.20 
-0.15 
0.89 
-0.36 
-0.83 
0.28 
0.46 
-0.22 
0.80 
-1.52 
-1.07 
-3.07 
0.52 
-0.99 
-0.25 
1.01 
0.05 
-0.44 
-0.85 
-0.24 
0.60 
-1.52 
-0.07 
0.78 
-1.42 
0.67 
0.68 
-0.88 
-1.50 
0.43 
0.81 
0.58 
0.76 
-1.18 
0.58 
-0.58 
-0.56 
-1.56 
1.10 
0.18 
1.00 
1.51 
-1.14 
0.64 
-0.01 
0.91 
1.11 
0.82 
-0.82 
-0.13 
0.26 
3.16 
1.23 
2.32 
0.41 
0.21 
0.61 
-0.53 
1.24 
-0.16 
-1.37 
0.87 
-1.57 
-1.84 
0.29 
-0.95 
-0.91 
-0.16 
-0.49 
-0.22 
0.27 
-1.17 
-1.22 
-2.10 
-0.39 
0.66 
-0.70 
0.50 
0.54 
0.99 
0.99 
-0.69 
-0.86 
0.05 
-0.66 
1.45 
1.38 
0.10 
-0.43 
0.51 
-0.66 
-0.13 
-0.53 
0.11 
1.13 
0.74 
1.14 
-0.91 
0.18 
-0.98 
0.38 
0.33 
1.30 
1.10 
0.65 
-0.51 
-0.48 
-2.05 
-0.45 
-1.55 
0.93 
0.90 
0.14 
-0.38 
0.14 
1.61 
1.35 
-0.45 
0.17 
-1.12 
0.40 
0.74 
0.90 
-1.53 
0.50 
-0.86 
-0.38 
0.79 
0.30 
-0.16 
0.61 
1.63 
-0.62 
-1.35 
-1.16 
-0.94 
-0.67 
0.58 
-2.09 
0.24 
-0.78 
1.10 
-0.86 
0.01 
-0.94 
-0.68 
-0.26 
-0.23 
-0.52 
1.13 
0.55 
1.86 
-0.28 
1.07 
-2.10 
0.64 
0.37 
-0.37 
0.70 
0.88 
1.03 
0.42 
0.60 
-0.67 
-1.10 
-0.27 
0.19 
0.95 
-0.79 
-0.49 
2.97 
-0.62 
1.92 
0.96 
-0.56 
-0.11 
-0.22 
0.47 
1.37 
-1.64 
2.02 
0.78 
-0.55 
-0.13 
0.30 
