-1.98 
-6.01 
-5.20 
-6.02 
-2.27 
-6.33 
-7.19 
-2.34 
-5.27 
-2.92 
-5.06 
-3.19 
-11.69 
-2.60 
1.56 
-0.88 
-1.27 
-4.72 
-3.46 
-3.27 
-3.71 
-6.49 
-5.06 
-4.52 
-5.44 
-1.49 
3.62 
-7.97 
-3.61 
-8.33 
-0.09 
0.23 
-8.99 
1.83 
-7.25 
-3.32 
-0.70 
-3.56 
2.89 
4.26 
-3.59 
-9.72 
-5.09 
-6.54 
-6.29 
-7.38 
-3.77 
2.32 
-6.15 
-4.84 
-0.50 
-0.36 
-2.54 
-0.92 
-1.39 
-5.15 
-2.71 
-4.90 
-6.70 
-2.10 
-3.80 
-4.56 
-3.12 
-1.04 
-2.82 
-3.42 
-3.16 
-3.85 
-6.32 
-1.64 
0.23 
-5.60 
1.78 
-4.53 
-4.73 
-6.69 
-6.38 
-6.86 
-2.94 
0.79 
-2.42 
-1.44 
0.03 
-11.50 
-4.50 
-2.94 
-1.85 
-7.91 
-7.02 
-1.63 
-4.35 
-2.34 
-6.88 
-8.90 
-1.72 
-0.42 
0.90 
-8.60 
-8.01 
-8.42 
-4.12 
-5.85 
-0.06 
-8.37 
-9.23 
-3.38 
-0.42 
-6.41 
-7.80 
-4.45 
-8.91 
-3.95 
-1.51 
-3.35 
-9.73 
-5.61 
-4.91 
1.44 
-1.26 
-4.17 
-0.07 
-7.13 
-5.04 
0.24 
0.51 
-1.81 
-2.53 
-5.76 
-1.77 
-6.48 
-2.28 
-3.15 
-0.58 
-5.28 
-2.09 
-1.62 
-6.70 
-3.53 
0.79 
-3.66 
-4.93 
-2.63 
-4.83 
-2.67 
-4.40 
-4.05 
-2.62 
0.09 
-2.64 
0.95 
-10.09 
-5.35 
-3.29 
-6.51 
-7.83 
-2.15 
-2.16 
-3.13 
-2.81 
-6.61 
-5.49 
-4.32 
-6.06 
-3.00 
3.10 
-5.45 
-2.06 
-7.10 
0.02 
-6.91 
-3.37 
-5.86 
-2.46 
-3.97 
-4.13 
4.85 
-5.89 
-4.14 
4.05 
-7.44 
-2.34 
-7.23 
-0.91 
-3.02 
-2.04 
-4.84 
-3.26 
0.42 
-10.83 
-8.90 
-2.75 
-5.96 
-4.89 
-8.49 
-6.71 
-5.21 
-6.18 
-6.60 
-5.27 
-6.83 
0.03 
-6.97 
1.45 
-5.12 
-8.36 
-5.86 
-1.20 
-0.83 
-3.52 
-3.14 
-2.10 
-8.38 
-5.75 
-9.49 
-5.35 
-1.15 
-1.85 
2.86 
-3.50 
-10.47 
1.07 
-0.15 
-5.75 
-3.33 
-1.66 
-2.85 
-1.91 
-4.34 
-4.12 
-3.74 
-6.37 
0.27 
-3.98 
-1.94 
-6.56 
-7.23 
-4.27 
-4.76 
-0.42 
-2.18 
-2.38 
-8.33 
-6.90 
-3.39 
-5.04 
-0.13 
0.02 
-5.74 
-1.37 
0.19 
-3.04 
0.87 
-0.81 
-3.36 
-1.37 
-3.42 
-5.24 
-2.92 
-3.89 
-5.09 
1.31 
-3.34 
4.19 
-4.89 
-2.31 
0.75 
4.19 
-3.09 
-6.37 
-1.59 
-7.96 
-4.82 
-3.18 
0.47 
0.31 
-4.08 
-1.23 
-4.96 
-2.02 
1.75 
-3.53 
-4.90 
-5.50 
-1.85 
0.01 
2.38 
-3.84 
-3.51 
-5.90 
0.84 
-4.23 
-5.42 
2.55 
-1.57 
-1.85 
-7.02 
-2.70 
-2.44 
-7.28 
-4.68 
-5.21 
-2.42 
-7.02 
-0.73 
1.35 
-4.91 
-4.03 
-2.48 
-0.39 
-2.43 
-2.81 
-5.45 
-4.69 
-2.16 
1.05 
-2.29 
-7.62 
-2.70 
-4.28 
-4.73 
-4.66 
-6.64 
-4.96 
-6.35 
-5.09 
-3.65 
-3.48 
-4.65 
-4.46 
-3.90 
-2.63 
-0.16 
-2.14 
-4.86 
-2.21 
-4.74 
-9.34 
-11.04 
-9.14 
-4.71 
-5.86 
-6.16 
-3.88 
-5.98 
-5.89 
-2.17 
-1.65 
3.31 
-3.09 
-3.83 
-5.72 
-4.59 
-4.15 
-9.27 
-4.77 
-1.75 
-5.71 
-2.52 
-1.03 
-0.77 
-1.67 
-10.78 
-5.69 
-1.30 
-2.82 
-3.99 
-2.69 
-0.61 
-3.54 
-6.28 
-4.54 
-4.62 
-1.31 
-2.76 
-2.36 
-3.56 
-5.09 
-3.82 
-3.35 
-8.19 
-3.46 
-1.22 
-4.33 
0.72 
-2.32 
-5.26 
-4.46 
-4.83 
-3.28 
-1.74 
-4.88 
-2.62 
1.27 
-1.21 
-1.52 
-6.44 
-5.60 
-3.27 
-4.30 
-8.88 
-8.54 
-0.92 
-6.27 
2.24 
-10.67 
-2.65 
-4.00 
-6.27 
-2.79 
-6.38 
-1.42 
-3.80 
-8.92 
-11.27 
-4.85 
-0.56 
-3.46 
-3.84 
-1.94 
-8.18 
0.28 
-6.68 
-3.89 
-5.09 
-3.55 
-9.83 
0.57 
-2.36 
2.03 
0.25 
-3.97 
-6.82 
-9.22 
-3.95 
-3.34 
-0.86 
-6.85 
-1.62 
-3.79 
-6.32 
-1.68 
-3.20 
-4.71 
1.63 
-2.17 
-4.33 
-3.17 
-3.74 
-3.48 
-2.64 
-5.81 
-6.39 
-2.92 
1.66 
-4.92 
-7.04 
-4.72 
-5.45 
-4.98 
-2.57 
-4.39 
-5.78 
-5.33 
-7.97 
-6.58 
-8.24 
-5.55 
-7.26 
-6.12 
-4.90 
-7.60 
-4.06 
-2.98 
-6.89 
-0.66 
-8.76 
-5.18 
-8.45 
-5.03 
-7.97 
-5.72 
-6.22 
-7.56 
-10.19 
-2.30 
2.00 
2.67 
-5.48 
-4.14 
-5.40 
-3.77 
-6.76 
-9.76 
-4.11 
-7.68 
-9.71 
3.12 
-4.70 
-2.79 
-0.42 
-9.05 
-2.76 
-2.49 
-3.75 
-3.53 
-5.58 
-1.83 
-6.55 
-6.39 
-1.82 
1.06 
-5.16 
-5.52 
-2.78 
-0.78 
-1.10 
-3.19 
-5.90 
-2.11 
-4.24 
0.13 
-8.22 
-3.58 
-0.13 
-5.48 
-5.87 
-6.80 
-4.84 
-4.60 
-3.59 
-6.65 
-3.75 
-5.81 
-5.11 
-6.51 
-4.85 
6.71 
6.22 
-0.56 
-1.64 
-7.83 
-5.75 
-5.86 
-2.39 
-2.55 
-3.67 
-5.02 
-6.78 
-3.98 
-0.58 
-2.72 
-3.46 
-2.03 
-2.25 
-8.85 
-3.94 
-5.28 
-10.10 
-7.99 
-4.96 
-1.52 
-4.69 
-3.21 
-6.69 
-10.47 
-3.72 
-6.85 
-0.48 
1.21 
-5.12 
-0.42 
-1.14 
-8.25 
-4.10 
-3.22 
-2.43 
-1.97 
-1.98 
-1.96 
-4.94 
-2.86 
-10.76 
-7.51 
-0.39 
-5.98 
-3.02 
0.52 
-6.67 
-6.88 
-5.48 
-2.68 
-4.61 
-6.93 
-8.72 
-5.11 
-4.66 
-5.61 
-4.79 
-7.29 
-2.35 
-10.52 
-3.57 
-1.99 
-6.55 
-4.17 
-3.12 
-5.84 
-4.04 
-2.76 
-6.81 
-1.49 
-0.72 
-3.04 
-3.95 
-7.49 
-2.52 
-7.65 
0.77 
-2.42 
-3.21 
-5.18 
-10.53 
-7.59 
-2.90 
3.24 
-1.78 
-3.07 
-5.63 
-3.63 
-1.11 
-4.76 
1.68 
-7.66 
-5.13 
-3.84 
-9.86 
-2.30 
-3.77 
-3.76 
-1.62 
-0.87 
-1.59 
-5.41 
-4.14 
-2.94 
-7.77 
-7.11 
-5.28 
-3.77 
1.37 
-1.61 
-5.33 
-5.89 
0.60 
4.20 
-3.50 
-5.44 
-8.24 
-1.08 
-3.13 
-0.50 
-6.73 
-3.28 
-5.96 
-0.18 
-5.65 
-4.26 
-5.04 
-1.02 
-2.71 
-7.01 
-5.90 
-7.14 
-2.48 
-3.00 
-8.91 
-9.72 
-4.12 
-1.91 
-3.49 
-8.63 
-8.66 
-1.40 
-4.44 
-5.16 
-0.05 
-6.39 
-3.59 
-2.75 
-1.54 
-6.56 
-2.93 
4.25 
-8.54 
-2.70 
-4.69 
-6.48 
-6.50 
-2.51 
2.95 
-6.38 
-2.38 
-5.68 
1.93 
-2.37 
-4.41 
-2.14 
-4.02 
-0.68 
-4.56 
-7.36 
-3.26 
0.68 
-7.59 
-4.73 
-0.99 
-9.76 
-2.12 
-1.74 
-3.36 
-6.31 
-4.02 
-3.72 
-1.19 
-2.01 
-5.05 
0.86 
-4.15 
-6.44 
-5.32 
-1.42 
-3.41 
-1.33 
-3.79 
3.46 
-9.00 
-5.25 
-4.25 
-3.73 
0.37 
-3.34 
-4.34 
-3.79 
-1.75 
-6.07 
-2.65 
-8.70 
-4.24 
-6.83 
-5.96 
-3.15 
-7.38 
-6.97 
-8.55 
-10.69 
-4.45 
-0.51 
-4.55 
-4.70 
-7.14 
0.75 
-4.75 
-0.12 
-2.91 
-4.79 
-0.75 
-1.05 
-4.33 
-0.11 
1.34 
-4.20 
-4.77 
-2.79 
-2.94 
-1.58 
-4.77 
-1.85 
-0.85 
-3.47 
-3.54 
-7.76 
-7.52 
-8.38 
-7.73 
-4.47 
-8.84 
2.74 
-1.78 
-10.20 
-7.46 
-4.32 
-9.14 
-5.38 
-0.73 
-4.49 
-4.20 
-7.00 
-5.67 
-8.05 
-2.91 
-5.36 
-1.65 
-0.29 
-0.77 
-4.10 
-5.51 
-7.67 
-3.64 
-1.12 
-5.02 
-4.52 
-2.15 
-1.41 
-8.25 
-3.40 
-3.41 
-4.45 
-1.32 
-5.09 
-6.48 
-3.17 
-2.62 
-4.65 
-1.61 
-8.55 
-7.22 
-13.22 
-2.44 
-6.97 
-4.76 
-0.97 
-3.85 
-5.32 
-6.55 
-4.72 
-2.19 
-8.55 
-4.21 
-1.65 
-8.26 
-1.99 
-1.95 
-6.65 
-8.51 
-2.70 
-1.58 
-2.26 
-1.71 
-7.55 
-2.25 
-5.74 
-5.68 
-8.67 
-0.70 
-3.47 
-0.99 
0.53 
-7.41 
-2.07 
-4.04 
-1.26 
-0.68 
-1.54 
-6.45 
-4.38 
-3.21 
5.48 
-0.32 
2.96 
-2.76 
-3.36 
-2.16 
-5.58 
-0.28 
-4.47 
-8.12 
-1.39 
-8.71 
-9.53 
-3.13 
-6.85 
-6.73 
-4.49 
-5.47 
-4.67 
-3.18 
-7.51 
-7.67 
-10.30 
-5.17 
-2.01 
-6.11 
-2.50 
-2.38 
-1.03 
-1.03 
-6.07 
-6.57 
-3.85 
-5.99 
0.36 
0.14 
-3.71 
-5.28 
-2.47 
-5.97 
-4.38 
-5.59 
-3.68 
-0.61 
-1.77 
-0.57 
-6.74 
-3.46 
-6.95 
-2.85 
-3.02 
-0.11 
-0.70 
-2.04 
-5.52 
-5.43 
-10.15 
-5.34 
-8.65 
-1.21 
-1.29 
-3.59 
-5.14 
-3.57 
0.82 
0.05 
-5.35 
-3.49 
-7.36 
-2.80 
-1.78 
-1.30 
-8.59 
-2.49 
-6.59 
-5.13 
-1.64 
-3.11 
-4.49 
-2.18 
0.90 
-5.87 
-8.05 
-7.49 
-6.83 
-6.01 
-2.27 
-10.26 
-3.29 
-6.34 
-0.70 
-6.57 
-3.98 
-6.81 
-6.04 
-4.78 
-4.69 
-5.57 
-0.62 
-2.35 
1.57 
-4.83 
-0.80 
-10.30 
-2.08 
-2.89 
-5.12 
-1.91 
-1.37 
-0.90 
-2.74 
-2.20 
-6.02 
-7.29 
-4.80 
-3.44 
-1.15 
-6.37 
-5.47 
4.92 
-5.87 
1.76 
-1.12 
-5.67 
-4.32 
-4.65 
-2.58 
0.10 
-8.91 
2.07 
-1.67 
-5.65 
-4.38 
-3.10 
