  0.67        -1.98
 -0.67        -6.01
 -0.40        -5.20
 -0.67        -6.02
  0.58        -2.27
 -0.78        -6.33
 -1.06        -7.19
  0.55        -2.34
 -0.42        -5.27
  0.36        -2.92
 -0.35        -5.06
  0.27        -3.19
 -2.56       -11.69
  0.47        -2.60
  1.85         1.56
  1.04        -0.88
  0.91        -1.27
 -0.24        -4.72
  0.18        -3.46
  0.24        -3.27
  0.10        -3.71
 -0.83        -6.49
 -0.35        -5.06
 -0.17        -4.52
 -0.48        -5.44
  0.84        -1.49
  2.54         3.62
 -1.32        -7.97
  0.13        -3.61
 -1.44        -8.33
  1.30        -0.09
  1.41         0.23
 -1.66        -8.99
  1.94         1.83
 -1.08        -7.25
  0.23        -3.32
  1.10        -0.70
  0.15        -3.56
  2.30         2.89
  2.75         4.26
  0.14        -3.59
 -1.91        -9.72
 -0.36        -5.09
 -0.85        -6.54
 -0.76        -6.29
 -1.13        -7.38
  0.08        -3.77
  2.11         2.32
 -0.72        -6.15
 -0.28        -4.84
  1.17        -0.50
  1.21        -0.36
  0.49        -2.54
  1.03        -0.92
  0.87        -1.39
 -0.38        -5.15
  0.43        -2.71
 -0.30        -4.90
 -0.90        -6.70
  0.63        -2.10
  0.07        -3.80
 -0.19        -4.56
  0.29        -3.12
  0.99        -1.04
  0.39        -2.82
  0.19        -3.42
  0.28        -3.16
  0.05        -3.85
 -0.77        -6.32
  0.79        -1.64
  1.41         0.23
 -0.53        -5.60
  1.93         1.78
 -0.18        -4.53
 -0.24        -4.73
 -0.90        -6.69
 -0.79        -6.38
 -0.95        -6.86
  0.35        -2.94
  1.60         0.79
  0.53        -2.42
  0.85        -1.44
  1.34         0.03
 -2.50       -11.50
 -0.17        -4.50
  0.35        -2.94
  0.72        -1.85
 -1.30        -7.91
 -1.01        -7.02
  0.79        -1.63
 -0.12        -4.35
  0.55        -2.34
 -0.96        -6.88
 -1.63        -8.90
  0.76        -1.72
  1.19        -0.42
  1.63         0.90
 -1.53        -8.60
 -1.34        -8.01
 -1.47        -8.42
 -0.04        -4.12
 -0.62        -5.85
  1.31        -0.06
 -1.46        -8.37
 -1.74        -9.23
  0.21        -3.38
  1.19        -0.42
 -0.80        -6.41
 -1.27        -7.80
 -0.15        -4.45
 -1.64        -8.91
  0.02        -3.95
  0.83        -1.51
  0.22        -3.35
 -1.91        -9.73
 -0.54        -5.61
 -0.30        -4.91
  1.81         1.44
  0.91        -1.26
 -0.06        -4.17
  1.31        -0.07
 -1.04        -7.13
 -0.35        -5.04
  1.41         0.24
  1.50         0.51
  0.73        -1.81
  0.49        -2.53
 -0.59        -5.76
  0.74        -1.77
 -0.83        -6.48
  0.57        -2.28
  0.28        -3.15
  1.14        -0.58
 -0.43        -5.28
  0.64        -2.09
  0.79        -1.62
 -0.90        -6.70
  0.16        -3.53
  1.60         0.79
  0.11        -3.66
 -0.31        -4.93
  0.46        -2.63
 -0.28        -4.83
  0.44        -2.67
 -0.13        -4.40
 -0.02        -4.05
  0.46        -2.62
  1.36         0.09
  0.45        -2.64
  1.65         0.95
 -2.03       -10.09
 -0.45        -5.35
  0.24        -3.29
 -0.84        -6.51
 -1.28        -7.83
  0.62        -2.15
  0.61        -2.16
  0.29        -3.13
  0.40        -2.81
 -0.87        -6.61
 -0.50        -5.49
 -0.11        -4.32
 -0.69        -6.06
  0.33        -3.00
  2.37         3.10
 -0.48        -5.45
  0.65        -2.06
 -1.03        -7.10
  1.34         0.02
 -0.97        -6.91
  0.21        -3.37
 -0.62        -5.86
  0.51        -2.46
  0.01        -3.97
 -0.04        -4.13
  2.95         4.85
 -0.63        -5.89
 -0.05        -4.14
  2.68         4.05
 -1.15        -7.44
  0.55        -2.34
 -1.08        -7.23
  1.03        -0.91
  0.33        -3.02
  0.65        -2.04
 -0.28        -4.84
  0.25        -3.26
  1.47         0.42
 -2.28       -10.83
 -1.63        -8.90
  0.42        -2.75
 -0.65        -5.96
 -0.30        -4.89
 -1.50        -8.49
 -0.90        -6.71
 -0.40        -5.21
 -0.73        -6.18
 -0.87        -6.60
 -0.42        -5.27
 -0.94        -6.83
  1.34         0.03
 -0.99        -6.97
  1.82         1.45
 -0.37        -5.12
 -1.45        -8.36
 -0.62        -5.86
  0.93        -1.20
  1.06        -0.83
  0.16        -3.52
  0.29        -3.14
  0.63        -2.10
 -1.46        -8.38
 -0.58        -5.75
 -1.83        -9.49
 -0.45        -5.35
  0.95        -1.15
  0.72        -1.85
  2.29         2.86
  0.17        -3.50
 -2.16       -10.47
  1.69         1.07
  1.28        -0.15
 -0.58        -5.75
  0.22        -3.33
  0.78        -1.66
  0.38        -2.85
  0.70        -1.91
 -0.11        -4.34
 -0.04        -4.12
  0.09        -3.74
 -0.79        -6.37
  1.42         0.27
  0.01        -3.98
  0.69        -1.94
 -0.85        -6.56
 -1.08        -7.23
 -0.09        -4.27
 -0.25        -4.76
  1.19        -0.42
  0.61        -2.18
  0.54        -2.38
 -1.44        -8.33
 -0.97        -6.90
  0.20        -3.39
 -0.35        -5.04
  1.29        -0.13
  1.34         0.02
 -0.58        -5.74
  0.88        -1.37
  1.40         0.19
  0.32        -3.04
  1.62         0.87
  1.06        -0.81
  0.21        -3.36
  0.88        -1.37
  0.19        -3.42
 -0.41        -5.24
  0.36        -2.92
  0.04        -3.89
 -0.36        -5.09
  1.77         1.31
  0.22        -3.34
  2.73         4.19
 -0.30        -4.89
  0.56        -2.31
  1.58         0.75
  2.73         4.19
  0.30        -3.09
 -0.79        -6.37
  0.80        -1.59
 -1.32        -7.96
 -0.27        -4.82
  0.27        -3.18
  1.49         0.47
  1.44         0.31
 -0.03        -4.08
  0.92        -1.23
 -0.32        -4.96
  0.66        -2.02
  1.92         1.75
  0.16        -3.53
 -0.30        -4.90
 -0.50        -5.50
  0.72        -1.85
  1.34         0.01
  2.13         2.38
  0.05        -3.84
  0.16        -3.51
 -0.63        -5.90
  1.61         0.84
 -0.08        -4.23
 -0.47        -5.42
  2.18         2.55
  0.81        -1.57
  0.72        -1.85
 -1.01        -7.02
  0.43        -2.70
  0.52        -2.44
 -1.09        -7.28
 -0.23        -4.68
 -0.40        -5.21
  0.53        -2.42
 -1.01        -7.02
  1.09        -0.73
  1.78         1.35
 -0.30        -4.91
 -0.01        -4.03
  0.51        -2.48
  1.20        -0.39
  0.52        -2.43
  0.40        -2.81
 -0.48        -5.45
 -0.23        -4.69
  0.61        -2.16
  1.68         1.05
  0.57        -2.29
 -1.21        -7.62
  0.43        -2.70
 -0.09        -4.28
 -0.24        -4.73
 -0.22        -4.66
 -0.88        -6.64
 -0.32        -4.96
 -0.78        -6.35
 -0.36        -5.09
  0.12        -3.65
  0.17        -3.48
 -0.22        -4.65
 -0.15        -4.46
  0.03        -3.90
  0.46        -2.63
  1.28        -0.16
  0.62        -2.14
 -0.29        -4.86
  0.60        -2.21
 -0.25        -4.74
 -1.78        -9.34
 -2.35       -11.04
 -1.71        -9.14
 -0.24        -4.71
 -0.62        -5.86
 -0.72        -6.16
  0.04        -3.88
 -0.66        -5.98
 -0.63        -5.89
  0.61        -2.17
  0.78        -1.65
  2.44         3.31
  0.30        -3.09
  0.06        -3.83
 -0.57        -5.72
 -0.20        -4.59
 -0.05        -4.15
 -1.76        -9.27
 -0.26        -4.77
  0.75        -1.75
 -0.57        -5.71
  0.49        -2.52
  0.99        -1.03
  1.08        -0.77
  0.78        -1.67
 -2.26       -10.78
 -0.56        -5.69
  0.90        -1.30
  0.39        -2.82
  0.00        -3.99
  0.44        -2.69
  1.13        -0.61
  0.15        -3.54
 -0.76        -6.28
 -0.18        -4.54
 -0.21        -4.62
  0.90        -1.31
  0.41        -2.76
  0.55        -2.36
  0.15        -3.56
 -0.36        -5.09
  0.06        -3.82
  0.22        -3.35
 -1.40        -8.19
  0.18        -3.46
  0.93        -1.22
 -0.11        -4.33
  1.57         0.72
  0.56        -2.32
 -0.42        -5.26
 -0.15        -4.46
 -0.28        -4.83
  0.24        -3.28
  0.75        -1.74
 -0.29        -4.88
  0.46        -2.62
  1.76         1.27
  0.93        -1.21
  0.83        -1.52
 -0.81        -6.44
 -0.53        -5.60
  0.24        -3.27
 -0.10        -4.30
 -1.63        -8.88
 -1.51        -8.54
  1.03        -0.92
 -0.76        -6.27
  2.08         2.24
 -2.22       -10.67
  0.45        -2.65
  0.00        -4.00
 -0.76        -6.27
  0.40        -2.79
 -0.79        -6.38
  0.86        -1.42
  0.07        -3.80
 -1.64        -8.92
 -2.42       -11.27
 -0.28        -4.85
  1.15        -0.56
  0.18        -3.46
  0.05        -3.84
  0.69        -1.94
 -1.39        -8.18
  1.43         0.28
 -0.89        -6.68
  0.04        -3.89
 -0.36        -5.09
  0.15        -3.55
 -1.94        -9.83
  1.52         0.57
  0.55        -2.36
  2.01         2.03
  1.42         0.25
  0.01        -3.97
 -0.94        -6.82
 -1.74        -9.22
  0.02        -3.95
  0.22        -3.34
  1.05        -0.86
 -0.95        -6.85
  0.79        -1.62
  0.07        -3.79
 -0.77        -6.32
  0.77        -1.68
  0.27        -3.20
 -0.24        -4.71
  1.88         1.63
  0.61        -2.17
 -0.11        -4.33
  0.28        -3.17
  0.09        -3.74
  0.17        -3.48
  0.45        -2.64
 -0.60        -5.81
 -0.80        -6.39
  0.36        -2.92
  1.89         1.66
 -0.31        -4.92
 -1.01        -7.04
 -0.24        -4.72
 -0.48        -5.45
 -0.33        -4.98
  0.48        -2.57
 -0.13        -4.39
 -0.59        -5.78
 -0.44        -5.33
 -1.32        -7.97
 -0.86        -6.58
 -1.41        -8.24
 -0.52        -5.55
 -1.09        -7.26
 -0.71        -6.12
 -0.30        -4.90
 -1.20        -7.60
 -0.02        -4.06
  0.34        -2.98
 -0.96        -6.89
  1.11        -0.66
 -1.59        -8.76
 -0.39        -5.18
 -1.48        -8.45
 -0.34        -5.03
 -1.32        -7.97
 -0.57        -5.72
 -0.74        -6.22
 -1.19        -7.56
 -2.06       -10.19
  0.57        -2.30
  2.00         2.00
  2.22         2.67
 -0.49        -5.48
 -0.05        -4.14
 -0.47        -5.40
  0.08        -3.77
 -0.92        -6.76
 -1.92        -9.76
 -0.04        -4.11
 -1.23        -7.68
 -1.90        -9.71
  2.37         3.12
 -0.23        -4.70
  0.40        -2.79
  1.19        -0.42
 -1.68        -9.05
  0.41        -2.76
  0.50        -2.49
  0.08        -3.75
  0.16        -3.53
 -0.53        -5.58
  0.72        -1.83
 -0.85        -6.55
 -0.80        -6.39
  0.73        -1.82
  1.69         1.06
 -0.39        -5.16
 -0.51        -5.52
  0.41        -2.78
  1.07        -0.78
  0.97        -1.10
  0.27        -3.19
 -0.63        -5.90
  0.63        -2.11
 -0.08        -4.24
  1.38         0.13
 -1.41        -8.22
  0.14        -3.58
  1.29        -0.13
 -0.49        -5.48
 -0.62        -5.87
 -0.93        -6.80
 -0.28        -4.84
 -0.20        -4.60
  0.14        -3.59
 -0.88        -6.65
  0.08        -3.75
 -0.60        -5.81
 -0.37        -5.11
 -0.84        -6.51
 -0.28        -4.85
  3.57         6.71
  3.41         6.22
  1.15        -0.56
  0.79        -1.64
 -1.28        -7.83
 -0.58        -5.75
 -0.62        -5.86
  0.54        -2.39
  0.48        -2.55
  0.11        -3.67
 -0.34        -5.02
 -0.93        -6.78
  0.01        -3.98
  1.14        -0.58
  0.43        -2.72
  0.18        -3.46
  0.66        -2.03
  0.58        -2.25
 -1.62        -8.85
  0.02        -3.94
 -0.43        -5.28
 -2.03       -10.10
 -1.33        -7.99
 -0.32        -4.96
  0.83        -1.52
 -0.23        -4.69
  0.26        -3.21
 -0.90        -6.69
 -2.16       -10.47
  0.09        -3.72
 -0.95        -6.85
  1.17        -0.48
  1.74         1.21
 -0.37        -5.12
  1.19        -0.42
  0.95        -1.14
 -1.42        -8.25
 -0.03        -4.10
  0.26        -3.22
  0.52        -2.43
  0.68        -1.97
  0.67        -1.98
  0.68        -1.96
 -0.31        -4.94
  0.38        -2.86
 -2.25       -10.76
 -1.17        -7.51
  1.20        -0.39
 -0.66        -5.98
  0.33        -3.02
  1.51         0.52
 -0.89        -6.67
 -0.96        -6.88
 -0.49        -5.48
  0.44        -2.68
 -0.20        -4.61
 -0.98        -6.93
 -1.57        -8.72
 -0.37        -5.11
 -0.22        -4.66
 -0.54        -5.61
 -0.26        -4.79
 -1.10        -7.29
  0.55        -2.35
 -2.17       -10.52
  0.14        -3.57
  0.67        -1.99
 -0.85        -6.55
 -0.06        -4.17
  0.29        -3.12
 -0.61        -5.84
 -0.01        -4.04
  0.41        -2.76
 -0.94        -6.81
  0.84        -1.49
  1.09        -0.72
  0.32        -3.04
  0.02        -3.95
 -1.16        -7.49
  0.49        -2.52
 -1.22        -7.65
  1.59         0.77
  0.53        -2.42
  0.26        -3.21
 -0.39        -5.18
 -2.18       -10.53
 -1.20        -7.59
  0.37        -2.90
  2.41         3.24
  0.74        -1.78
  0.31        -3.07
 -0.54        -5.63
  0.12        -3.63
  0.96        -1.11
 -0.25        -4.76
  1.89         1.68
 -1.22        -7.66
 -0.38        -5.13
  0.05        -3.84
 -1.95        -9.86
  0.57        -2.30
  0.08        -3.77
  0.08        -3.76
  0.79        -1.62
  1.04        -0.87
  0.80        -1.59
 -0.47        -5.41
 -0.05        -4.14
  0.35        -2.94
 -1.26        -7.77
 -1.04        -7.11
 -0.43        -5.28
  0.08        -3.77
  1.79         1.37
  0.80        -1.61
 -0.44        -5.33
 -0.63        -5.89
  1.53         0.60
  2.73         4.20
  0.17        -3.50
 -0.48        -5.44
 -1.41        -8.24
  0.97        -1.08
  0.29        -3.13
  1.17        -0.50
 -0.91        -6.73
  0.24        -3.28
 -0.65        -5.96
  1.27        -0.18
 -0.55        -5.65
 -0.09        -4.26
 -0.35        -5.04
  0.99        -1.02
  0.43        -2.71
 -1.00        -7.01
 -0.63        -5.90
 -1.05        -7.14
  0.51        -2.48
  0.33        -3.00
 -1.64        -8.91
 -1.91        -9.72
 -0.04        -4.12
  0.70        -1.91
  0.17        -3.49
 -1.54        -8.63
 -1.55        -8.66
  0.87        -1.40
 -0.15        -4.44
 -0.39        -5.16
  1.32        -0.05
 -0.80        -6.39
  0.14        -3.59
  0.42        -2.75
  0.82        -1.54
 -0.85        -6.56
  0.36        -2.93
  2.75         4.25
 -1.51        -8.54
  0.43        -2.70
 -0.23        -4.69
 -0.83        -6.48
 -0.83        -6.50
  0.50        -2.51
  2.32         2.95
 -0.79        -6.38
  0.54        -2.38
 -0.56        -5.68
  1.98         1.93
  0.54        -2.37
 -0.14        -4.41
  0.62        -2.14
 -0.01        -4.02
  1.11        -0.68
 -0.19        -4.56
 -1.12        -7.36
  0.25        -3.26
  1.56         0.68
 -1.20        -7.59
 -0.24        -4.73
  1.00        -0.99
 -1.92        -9.76
  0.63        -2.12
  0.75        -1.74
  0.21        -3.36
 -0.77        -6.31
 -0.01        -4.02
  0.09        -3.72
  0.94        -1.19
  0.66        -2.01
 -0.35        -5.05
  1.62         0.86
 -0.05        -4.15
 -0.81        -6.44
 -0.44        -5.32
  0.86        -1.42
  0.20        -3.41
  0.89        -1.33
  0.07        -3.79
  2.49         3.46
 -1.67        -9.00
 -0.42        -5.25
 -0.08        -4.25
  0.09        -3.73
  1.46         0.37
  0.22        -3.34
 -0.11        -4.34
  0.07        -3.79
  0.75        -1.75
 -0.69        -6.07
  0.45        -2.65
 -1.57        -8.70
 -0.08        -4.24
 -0.94        -6.83
 -0.65        -5.96
  0.28        -3.15
 -1.13        -7.38
 -0.99        -6.97
 -1.52        -8.55
 -2.23       -10.69
 -0.15        -4.45
  1.16        -0.51
 -0.18        -4.55
 -0.23        -4.70
 -1.05        -7.14
  1.58         0.75
 -0.25        -4.75
  1.29        -0.12
  0.36        -2.91
 -0.26        -4.79
  1.08        -0.75
  0.98        -1.05
 -0.11        -4.33
  1.30        -0.11
  1.78         1.34
 -0.07        -4.20
 -0.26        -4.77
  0.40        -2.79
  0.35        -2.94
  0.81        -1.58
 -0.26        -4.77
  0.72        -1.85
  1.05        -0.85
  0.18        -3.47
  0.15        -3.54
 -1.25        -7.76
 -1.17        -7.52
 -1.46        -8.38
 -1.24        -7.73
 -0.16        -4.47
 -1.61        -8.84
  2.25         2.74
  0.74        -1.78
 -2.07       -10.20
 -1.15        -7.46
 -0.11        -4.32
 -1.71        -9.14
 -0.46        -5.38
  1.09        -0.73
 -0.16        -4.49
 -0.07        -4.20
 -1.00        -7.00
 -0.56        -5.67
 -1.35        -8.05
  0.36        -2.91
 -0.45        -5.36
  0.78        -1.65
  1.24        -0.29
  1.08        -0.77
 -0.03        -4.10
 -0.50        -5.51
 -1.22        -7.67
  0.12        -3.64
  0.96        -1.12
 -0.34        -5.02
 -0.17        -4.52
  0.62        -2.15
  0.86        -1.41
 -1.42        -8.25
  0.20        -3.40
  0.20        -3.41
 -0.15        -4.45
  0.89        -1.32
 -0.36        -5.09
 -0.83        -6.48
  0.28        -3.17
  0.46        -2.62
 -0.22        -4.65
  0.80        -1.61
 -1.52        -8.55
 -1.07        -7.22
 -3.07       -13.22
  0.52        -2.44
 -0.99        -6.97
 -0.25        -4.76
  1.01        -0.97
  0.05        -3.85
 -0.44        -5.32
 -0.85        -6.55
 -0.24        -4.72
  0.60        -2.19
 -1.52        -8.55
 -0.07        -4.21
  0.78        -1.65
 -1.42        -8.26
  0.67        -1.99
  0.68        -1.95
 -0.88        -6.65
 -1.50        -8.51
  0.43        -2.70
  0.81        -1.58
  0.58        -2.26
  0.76        -1.71
 -1.18        -7.55
  0.58        -2.25
 -0.58        -5.74
 -0.56        -5.68
 -1.56        -8.67
  1.10        -0.70
  0.18        -3.47
  1.00        -0.99
  1.51         0.53
 -1.14        -7.41
  0.64        -2.07
 -0.01        -4.04
  0.91        -1.26
  1.11        -0.68
  0.82        -1.54
 -0.82        -6.45
 -0.13        -4.38
  0.26        -3.21
  3.16         5.48
  1.23        -0.32
  2.32         2.96
  0.41        -2.76
  0.21        -3.36
  0.61        -2.16
 -0.53        -5.58
  1.24        -0.28
 -0.16        -4.47
 -1.37        -8.12
  0.87        -1.39
 -1.57        -8.71
 -1.84        -9.53
  0.29        -3.13
 -0.95        -6.85
 -0.91        -6.73
 -0.16        -4.49
 -0.49        -5.47
 -0.22        -4.67
  0.27        -3.18
 -1.17        -7.51
 -1.22        -7.67
 -2.10       -10.30
 -0.39        -5.17
  0.66        -2.01
 -0.70        -6.11
  0.50        -2.50
  0.54        -2.38
  0.99        -1.03
  0.99        -1.03
 -0.69        -6.07
 -0.86        -6.57
  0.05        -3.85
 -0.66        -5.99
  1.45         0.36
  1.38         0.14
  0.10        -3.71
 -0.43        -5.28
  0.51        -2.47
 -0.66        -5.97
 -0.13        -4.38
 -0.53        -5.59
  0.11        -3.68
  1.13        -0.61
  0.74        -1.77
  1.14        -0.57
 -0.91        -6.74
  0.18        -3.46
 -0.98        -6.95
  0.38        -2.85
  0.33        -3.02
  1.30        -0.11
  1.10        -0.70
  0.65        -2.04
 -0.51        -5.52
 -0.48        -5.43
 -2.05       -10.15
 -0.45        -5.34
 -1.55        -8.65
  0.93        -1.21
  0.90        -1.29
  0.14        -3.59
 -0.38        -5.14
  0.14        -3.57
  1.61         0.82
  1.35         0.05
 -0.45        -5.35
  0.17        -3.49
 -1.12        -7.36
  0.40        -2.80
  0.74        -1.78
  0.90        -1.30
 -1.53        -8.59
  0.50        -2.49
 -0.86        -6.59
 -0.38        -5.13
  0.79        -1.64
  0.30        -3.11
 -0.16        -4.49
  0.61        -2.18
  1.63         0.90
 -0.62        -5.87
 -1.35        -8.05
 -1.16        -7.49
 -0.94        -6.83
 -0.67        -6.01
  0.58        -2.27
 -2.09       -10.26
  0.24        -3.29
 -0.78        -6.34
  1.10        -0.70
 -0.86        -6.57
  0.01        -3.98
 -0.94        -6.81
 -0.68        -6.04
 -0.26        -4.78
 -0.23        -4.69
 -0.52        -5.57
  1.13        -0.62
  0.55        -2.35
  1.86         1.57
 -0.28        -4.83
  1.07        -0.80
 -2.10       -10.30
  0.64        -2.08
  0.37        -2.89
 -0.37        -5.12
  0.70        -1.91
  0.88        -1.37
  1.03        -0.90
  0.42        -2.74
  0.60        -2.20
 -0.67        -6.02
 -1.10        -7.29
 -0.27        -4.80
  0.19        -3.44
  0.95        -1.15
 -0.79        -6.37
 -0.49        -5.47
  2.97         4.92
 -0.62        -5.87
  1.92         1.76
  0.96        -1.12
 -0.56        -5.67
 -0.11        -4.32
 -0.22        -4.65
  0.47        -2.58
  1.37         0.10
 -1.64        -8.91
  2.02         2.07
  0.78        -1.67
 -0.55        -5.65
 -0.13        -4.38
  0.30        -3.10
